.Random.seed <-
c(403L, 10L, 252272004L, 1368839082L, -1192433387L, 406365103L, 
1319599030L, -1611275808L, -681311965L, 1197717057L, 101579056L, 
916835150L, 294572473L, 1654311883L, -203440006L, -999644804L, 
1753395647L, -410677611L, 1933948076L, 193781378L, -250022307L, 
462461271L, -138410946L, 1276610680L, 201282395L, 1487654585L, 
1979319048L, -1970554442L, -316094735L, -699051741L, -594640014L, 
1893902788L, 998166919L, -159339683L, -672963244L, 1354827642L, 
1565779653L, 1775495199L, -1776283738L, -1120833232L, -963613741L, 
-1710444047L, -653895904L, 1179001278L, 971592137L, -662993541L, 
780088138L, -1776536660L, -1977509201L, 1710155877L, 1639614492L, 
-1653537166L, 242178285L, -1300817625L, -1669823154L, -360561240L, 
1383367083L, 2087107273L, 441035480L, -234383482L, 367397473L, 
126374899L, -1951660446L, -1232641836L, -1068013097L, 1555143629L, 
-1621086364L, 1388280650L, -1984886091L, 2064824847L, 1394727702L, 
133264832L, -2081118845L, -224203871L, 1689400208L, -524619666L, 
-400927207L, 2040034987L, -1737340262L, 1241921116L, -1906531489L, 
-821355211L, 2038533324L, 1505588770L, -1028798339L, 1704997239L, 
-656499042L, 185830744L, -1854604101L, -405224871L, 309422568L, 
-1685713898L, -538953839L, 1941215299L, 1544707922L, 672768996L, 
-1167656409L, -1402826115L, -667268236L, 72132442L, -2059951707L, 
293289407L, -1860870586L, -48370480L, -1826666765L, -246398959L, 
119416384L, 195660318L, -1853225751L, -961630693L, 573754922L, 
205304140L, 1649769231L, 556265029L, 975198204L, -1736454574L, 
1503056845L, -468165241L, 1758697582L, -1502191544L, 675336779L, 
1111281577L, -430539016L, -142599642L, 994415425L, 816609491L, 
648625282L, -1622836556L, 2043096631L, -565078739L, 1030528580L, 
-890952854L, 1575694293L, 1966242159L, -1352690570L, 213319584L, 
1152378979L, 342945025L, 489840752L, 341896206L, -2067215239L, 
1111956491L, 1248400698L, -1842109380L, 2076275583L, 147816661L, 
-1059572500L, -1957605822L, -783040099L, 146322455L, 1176791422L, 
1305849656L, -856135653L, 498297209L, 1784532936L, -1702276106L, 
-1297381839L, -2105900957L, 254246962L, 233225604L, 772260807L, 
-162584931L, -1454371308L, -1234512710L, 318062853L, 1256186591L, 
-190656666L, 571139824L, -688267757L, 1055979441L, -188759456L, 
58277886L, -277139575L, 1972152507L, -1927134070L, 1774065516L, 
404464879L, 1328516901L, -364480036L, 842114994L, 627060397L, 
-1350171033L, 1212822926L, -962526616L, -769966485L, 511170569L, 
-137574760L, 1224901062L, -1851305695L, 1288495539L, 526507298L, 
2134513428L, 866996119L, 622989197L, 596406948L, -1352172406L, 
8729333L, -949332657L, 275046998L, -1914502912L, -965577661L, 
-1797826591L, 1945859920L, 1523214766L, -349427879L, -341594773L, 
2070410458L, -1282245220L, -81452641L, 560538613L, 272347788L, 
906565474L, 1536173885L, -1961173065L, 1964100702L, 2097439128L, 
-1264278277L, -278998887L, -451518168L, -1684850730L, -1988381615L, 
538287875L, -1663330670L, 347599908L, 1715206887L, 11046717L, 
-1570271308L, 928347162L, -1588048027L, -44362320L, 1593711036L, 
1386653780L, 1011329986L, -1573158112L, -398000196L, 523848272L, 
2083356130L, -1793715864L, 1394707788L, -2131080964L, 1639867122L, 
553326336L, -1977792908L, -498243576L, -940066374L, -1790994480L, 
946854380L, 1938542484L, 285864658L, 1545432672L, 1741522252L, 
-276048608L, 424235650L, -866932248L, -1558378516L, 127628860L, 
-1115214222L, 1121854320L, 467462436L, -1452068296L, -580877926L, 
564038096L, 63315388L, -142006124L, 1197014146L, 622904768L, 
-326220996L, 36271248L, -421682398L, 1681731080L, 788000012L, 
-1969875556L, -1770004974L, -84079744L, -1091460332L, 1952911656L, 
1273982010L, -671290416L, -392461716L, -822560204L, -541943150L, 
939498848L, -619558580L, -2036738080L, 134550946L, -261620312L, 
-1516411252L, -1162592836L, 567537266L, 255065072L, -1729874364L, 
1591638104L, 1711167546L, 866314352L, 1102952508L, 1881159956L, 
285770434L, -829976864L, 1093363836L, 1997819600L, -1713301086L, 
-149983192L, -456303860L, 603509180L, 2017612594L, 1951079104L, 
198911028L, 1561007816L, -374377286L, -736430448L, 2140679916L, 
295561812L, 1142588050L, 1885307168L, 328821196L, 1360315104L, 
-1851549502L, -175786968L, -179603540L, 593887932L, 1716882418L, 
-2080952784L, 1222764452L, 636202424L, -1051039910L, 1359261840L, 
214655868L, 569053460L, 1447250242L, 322857216L, -302903876L, 
367135056L, -467457758L, -1394392504L, 1411934220L, 2097956444L, 
-1633900078L, -922481152L, 344907092L, -1188557592L, 461441274L, 
-1154113840L, -792704212L, -1069733644L, -1113808494L, -1652243104L, 
-205458420L, -1941418784L, 1271485026L, 1864590504L, -145079220L, 
-966795396L, 1715665202L, -2066292112L, -1037274300L, -1941849128L, 
-726258822L, -1695483856L, -936951876L, -379688364L, 1321447490L, 
659900064L, 324698812L, -764296240L, 609981794L, -2072658200L, 
1646042316L, 2044877308L, 1390353906L, -1867670400L, -253085196L, 
-1312341368L, 1218149178L, 152528208L, -55294868L, 1715473812L, 
1183377490L, -226312736L, 1579857100L, 106438304L, 1261244802L, 
-1856773912L, -270218516L, 1493228860L, -1905620878L, -679517584L, 
2043091492L, -1424414664L, -840484582L, 1587193040L, -1867048644L, 
-76639340L, 244176770L, 2051869632L, 2075203132L, 1484210576L, 
684255266L, 698993928L, 527067276L, 2016169756L, 85245074L, 1658703232L, 
570470420L, -1128913112L, 2094343738L, 807520720L, 1374699884L, 
-1649034316L, -783363566L, -548169760L, -1292797492L, 1028511968L, 
875967522L, 1966553896L, 1127328268L, 659731260L, 287131634L, 
-352517392L, 347343428L, -549489064L, 1810110266L, -2044798992L, 
-547247428L, -1122122476L, -451941182L, -436016032L, -1750516356L, 
276463568L, -592312030L, -682881368L, 1647902604L, 807888060L, 
-1474456782L, -994822592L, -950012748L, 597183560L, 378195386L, 
-874653168L, 613092588L, -1950559916L, -79643886L, -667253344L, 
1888670412L, 296798816L, -671799358L, 679568168L, -918281812L, 
145241404L, 447398770L, 445441328L, 346922788L, -1465522888L, 
958736090L, 177731472L, 1480344316L, 1033919380L, -480034803L, 
-490543046L, 556124280L, -385014751L, -1891322157L, 734053876L, 
1426024066L, -1880145129L, -830434847L, -1229070554L, -175633884L, 
-469062443L, 1957158015L, 1127649560L, -1038303178L, 1909708483L, 
-1194419451L, -169574750L, 523635856L, -236905415L, 129365227L, 
-1365056036L, -695301110L, -2017957121L, -1690926263L, 1943795934L, 
1672078988L, 2047431261L, 362082407L, -999395952L, -1522278994L, 
1788364891L, 608731197L, -836938070L, -1696959672L, -48826511L, 
2003919075L, 6420452L, 722693906L, 767210215L, 730985649L, -658450698L, 
-779173612L, 1161983525L, -850638033L, 2115091688L, 1262198214L, 
-271242125L, -1620826411L, 5856434L, -632745856L, 1142881385L, 
1694255323L, 1136483372L, -84925382L, -1491471633L, -567743111L, 
359252494L, -1158237220L, -1673675699L, 645558199L, 559337792L, 
492075038L, -1422053653L, 518536813L, -10688806L, 897980056L, 
-1375068927L, -416341325L, -1056510508L, 1290677474L, 541492599L, 
-897434431L, 2117238854L, 1255534468L, -1563342539L, 40261407L, 
-1345766792L, 717610838L, 1255521763L, -2092477531L, -1174052286L, 
1875083312L, -93031335L, 1960192459L, -2111116740L, 597959786L, 
1900852895L, -175326423L, 541513662L, 1372612268L, -59782147L, 
-719142073L, -2109971408L, 1296811342L, 1324113275L, 2141588189L, 
-1009661174L, 294439464L, -339516783L, 1601053315L, 1331667844L, 
290523570L, 644790023L, -1541368495L, -1057465130L, 605501876L, 
1207446981L, -2095514353L, -921498744L, -553889114L, -827407789L, 
-864154699L, 977877266L, -1735578912L, 1404354377L, -511520389L, 
1496726604L, -875659814L, -1695629361L, 1010581913L, 1683468718L, 
-911880516L, -257114323L, -1444070185L, 985793824L, -387870082L, 
767188043L, -216445363L, 902296698L, -1092995912L, -76087711L, 
1581368339L, -2003766732L, -2004995006L, -1732342697L, -1633040479L, 
-689244058L, 1672331364L, -34268267L, -2090750785L, 14048344L, 
